34787 
32828 
32808 
32818 
32822
32703
32825
32839
32792
32837
32824
32712
32835
34761
32811
32780
32817
32807
32812
32810
34786
32809
32819
32757
32829
32926
32826
32806
32789
32751
32821
32803
32805
32804
32832
32836
32776
32801
32709
32830
32827
32833
32814
32816
34734
32831
32820
32798
34760
32704
32710
32768
32777
32790
32793
32794
32802
32834
32853
32855
32854
32857
32856
32859
32858
32861
32860
32867
32862
32869
32868
32877
32872
32885
32878
32887
32887
32891
32890
32896
32893
32898
32897
32899
34740
34777
34778
